t, Groundwater Recharge (m3/day),t, Infiltration rate (m3/day),t, Overflow (m3/day),t, Pond water depth (m),t, Precipitation (mm/day),t, Underdrain flow (m3/day),t, inflow to the pond (m3/day),t, Soil Moisture
40544.70000,0.0086404,40544.70000,7.15623e-07,40544.70000,0,40544.70000,6.67015e-08,40544.70000,0,40544.70000,0,40544.70000,1.74583e-05,40544.70000,0.192657
40544.71000,0.0172807,40544.71000,2.4957e-06,40544.71000,0,40544.71000,1.76157e-07,40544.71000,0,40544.71000,0,40544.71000,3.45817e-05,40544.71000,0.385311
40544.72000,0.0172806,40544.72000,3.79546e-06,40544.72000,0,40544.72000,2.16012e-07,40544.72000,0,40544.72000,0,40544.72000,3.42527e-05,40544.72000,0.385307
40544.73000,0.0172806,40544.73000,5.22393e-06,40544.73000,0,40544.73000,2.53007e-07,40544.73000,0,40544.73000,0,40544.73000,3.39285e-05,40544.73000,0.385302
40544.74000,0.0172806,40544.74000,6.71677e-06,40544.74000,0,40544.74000,2.88572e-07,40544.74000,0,40544.74000,0,40544.74000,3.36069e-05,40544.74000,0.385298
40544.75000,0.0172807,40544.75000,8.27181e-06,40544.75000,0,40544.75000,3.18872e-07,40544.75000,0,40544.75000,0,40544.75000,3.32939e-05,40544.75000,0.385294
40544.76000,0.0172808,40544.76000,9.83463e-06,40544.76000,0,40544.76000,3.48515e-07,40544.76000,0,40544.76000,0,40544.76000,3.2982e-05,40544.76000,0.38529
40544.77000,0.0172809,40544.77000,1.13299e-05,40544.77000,0,40544.77000,3.74379e-07,40544.77000,0,40544.77000,0,40544.77000,3.26765e-05,40544.77000,0.385287
40544.78000,0.0172811,40544.78000,1.27624e-05,40544.78000,0,40544.78000,3.96734e-07,40544.78000,0,40544.78000,0,40544.78000,3.23768e-05,40544.78000,0.385283
40544.79000,0.0172812,40544.79000,1.41949e-05,40544.79000,0,40544.79000,4.19089e-07,40544.79000,0,40544.79000,0,40544.79000,3.2077e-05,40544.79000,0.385279
40544.80000,0.0172814,40544.80000,1.54345e-05,40544.80000,0,40544.80000,4.3777e-07,40544.80000,0,40544.80000,0,40544.80000,3.18074e-05,40544.80000,0.385275
40544.81000,0.0172816,40544.81000,1.63282e-05,40544.81000,0,40544.81000,4.49864e-07,40544.81000,0,40544.81000,0,40544.81000,3.15915e-05,40544.81000,0.385273
40544.82000,0.0172818,40544.82000,1.7222e-05,40544.82000,0,40544.82000,4.61957e-07,40544.82000,0,40544.82000,0,40544.82000,3.13757e-05,40544.82000,0.38527
40544.83000,0.017282,40544.83000,1.81157e-05,40544.83000,0,40544.83000,4.74051e-07,40544.83000,0,40544.83000,0,40544.83000,3.11598e-05,40544.83000,0.385267
40544.84000,0.0172823,40544.84000,1.89782e-05,40544.84000,0,40544.84000,4.85608e-07,40544.84000,0,40544.84000,0,40544.84000,3.09452e-05,40544.84000,0.385264
40544.85000,0.0172826,40544.85000,1.96552e-05,40544.85000,0,40544.85000,4.93976e-07,40544.85000,0,40544.85000,0,40544.85000,3.07379e-05,40544.85000,0.385261
40544.86000,0.0172828,40544.86000,2.03322e-05,40544.86000,0,40544.86000,5.02344e-07,40544.86000,0,40544.86000,0,40544.86000,3.05305e-05,40544.86000,0.385259
40544.87000,0.0172831,40544.87000,2.10092e-05,40544.87000,0,40544.87000,5.10713e-07,40544.87000,0,40544.87000,0,40544.87000,3.03231e-05,40544.87000,0.385256
40544.88000,0.0172834,40544.88000,2.16863e-05,40544.88000,0,40544.88000,5.19081e-07,40544.88000,0,40544.88000,0,40544.88000,3.01158e-05,40544.88000,0.385253
40544.89000,0.0172838,40544.89000,2.21746e-05,40544.89000,0,40544.89000,5.24811e-07,40544.89000,0,40544.89000,0,40544.89000,2.99159e-05,40544.89000,0.38525
40544.90000,0.0172841,40544.90000,2.26487e-05,40544.90000,0,40544.90000,5.30342e-07,40544.90000,0,40544.90000,0,40544.90000,2.97167e-05,40544.90000,0.385248
40544.91000,0.0172845,40544.91000,2.31228e-05,40544.91000,0,40544.91000,5.35874e-07,40544.91000,0,40544.91000,0,40544.91000,2.95174e-05,40544.91000,0.385245
40544.92000,0.0172848,40544.92000,2.35969e-05,40544.92000,0,40544.92000,5.41405e-07,40544.92000,0,40544.92000,0,40544.92000,2.93181e-05,40544.92000,0.385242
40544.93000,0.0172853,40544.93000,2.39504e-05,40544.93000,0,40544.93000,5.45437e-07,40544.93000,0,40544.93000,0,40544.93000,2.91243e-05,40544.93000,0.38524
40544.94000,0.0172857,40544.94000,2.4256e-05,40544.94000,0,40544.94000,5.48873e-07,40544.94000,0,40544.94000,0,40544.94000,2.89327e-05,40544.94000,0.385237
40544.95000,0.0172861,40544.95000,2.45616e-05,40544.95000,0,40544.95000,5.5231e-07,40544.95000,0,40544.95000,0,40544.95000,2.87411e-05,40544.95000,0.385234
40544.96000,0.0172866,40544.96000,2.48672e-05,40544.96000,0,40544.96000,5.55747e-07,40544.96000,0,40544.96000,0,40544.96000,2.85494e-05,40544.96000,0.385232
40544.97000,0.017287,40544.97000,2.51072e-05,40544.97000,0,40544.97000,5.58423e-07,40544.97000,0,40544.97000,0,40544.97000,2.83615e-05,40544.97000,0.385229
40544.98000,0.0172875,40544.98000,2.52823e-05,40544.98000,0,40544.98000,5.60346e-07,40544.98000,0,40544.98000,0,40544.98000,2.81772e-05,40544.98000,0.385227
40544.99000,0.017288,40544.99000,2.54574e-05,40544.99000,0,40544.99000,5.62268e-07,40544.99000,0,40544.99000,0,40544.99000,2.79928e-05,40544.99000,0.385224
40545.00000,0.0172886,40545.00000,2.56324e-05,40545.00000,0,40545.00000,5.64191e-07,40545.00000,0,40545.00000,0,40545.00000,2.78085e-05,40545.00000,0.385222
40545.01000,0.0172891,40545.01000,2.57797e-05,40545.01000,0,40545.01000,5.65803e-07,40545.01000,0,40545.01000,0,40545.01000,2.76262e-05,40545.01000,0.385219
40545.02000,0.0172897,40545.02000,2.58581e-05,40545.02000,0,40545.02000,5.66647e-07,40545.02000,0,40545.02000,0,40545.02000,2.74488e-05,40545.02000,0.385217
40545.03000,0.0172902,40545.03000,2.59366e-05,40545.03000,0,40545.03000,5.67492e-07,40545.03000,0,40545.03000,0,40545.03000,2.72714e-05,40545.03000,0.385214
40545.04000,0.0172908,40545.04000,2.60151e-05,40545.04000,0,40545.04000,5.68337e-07,40545.04000,0,40545.04000,0,40545.04000,2.70941e-05,40545.04000,0.385212
40545.05000,0.0172914,40545.05000,2.60884e-05,40545.05000,0,40545.05000,5.69125e-07,40545.05000,0,40545.05000,0,40545.05000,2.69172e-05,40545.05000,0.385209
40545.06000,0.0172921,40545.06000,2.60976e-05,40545.06000,0,40545.06000,5.69211e-07,40545.06000,0,40545.06000,0,40545.06000,2.67464e-05,40545.06000,0.385207
40545.07000,0.0172927,40545.07000,2.61068e-05,40545.07000,0,40545.07000,5.69298e-07,40545.07000,0,40545.07000,0,40545.07000,2.65756e-05,40545.07000,0.385204
40545.08000,0.0172934,40545.08000,2.61161e-05,40545.08000,0,40545.08000,5.69384e-07,40545.08000,0,40545.08000,0,40545.08000,2.64049e-05,40545.08000,0.385202
40545.09000,0.017294,40545.09000,2.61253e-05,40545.09000,0,40545.09000,5.6947e-07,40545.09000,0,40545.09000,0,40545.09000,2.62341e-05,40545.09000,0.385199
40545.10000,0.0172948,40545.10000,2.60929e-05,40545.10000,0,40545.10000,5.69102e-07,40545.10000,0,40545.10000,0,40545.10000,2.60687e-05,40545.10000,0.385197
40545.11000,0.0172955,40545.11000,2.60537e-05,40545.11000,0,40545.11000,5.6866e-07,40545.11000,0,40545.11000,0,40545.11000,2.59043e-05,40545.11000,0.385195
40545.12000,0.0172962,40545.12000,2.60146e-05,40545.12000,0,40545.12000,5.68219e-07,40545.12000,0,40545.12000,0,40545.12000,2.57398e-05,40545.12000,0.385192
40545.13000,0.0172969,40545.13000,2.59754e-05,40545.13000,0,40545.13000,5.67777e-07,40545.13000,0,40545.13000,0,40545.13000,2.55753e-05,40545.13000,0.38519
40545.14000,0.0172977,40545.14000,2.59149e-05,40545.14000,0,40545.14000,5.671e-07,40545.14000,0,40545.14000,0,40545.14000,2.54147e-05,40545.14000,0.385188
40545.15000,0.0172985,40545.15000,2.58428e-05,40545.15000,0,40545.15000,5.66295e-07,40545.15000,0,40545.15000,0,40545.15000,2.52563e-05,40545.15000,0.385185
40545.16000,0.0172993,40545.16000,2.57706e-05,40545.16000,0,40545.16000,5.65489e-07,40545.16000,0,40545.16000,0,40545.16000,2.50978e-05,40545.16000,0.385183
40545.17000,0.0173001,40545.17000,2.56985e-05,40545.17000,0,40545.17000,5.64684e-07,40545.17000,0,40545.17000,0,40545.17000,2.49393e-05,40545.17000,0.385181
40545.18000,0.0173009,40545.18000,2.56169e-05,40545.18000,0,40545.18000,5.63771e-07,40545.18000,0,40545.18000,0,40545.18000,2.47834e-05,40545.18000,0.385178
40545.19000,0.0173018,40545.19000,2.55228e-05,40545.19000,0,40545.19000,5.62719e-07,40545.19000,0,40545.19000,0,40545.19000,2.46306e-05,40545.19000,0.385176
40545.20000,0.0173027,40545.20000,2.54287e-05,40545.20000,0,40545.20000,5.61666e-07,40545.20000,0,40545.20000,0,40545.20000,2.44779e-05,40545.20000,0.385174
40545.21000,0.0173036,40545.21000,2.53346e-05,40545.21000,0,40545.21000,5.60613e-07,40545.21000,0,40545.21000,0,40545.21000,2.43251e-05,40545.21000,0.385172
40545.22000,0.0173044,40545.22000,2.52375e-05,40545.22000,0,40545.22000,5.59524e-07,40545.22000,0,40545.22000,0,40545.22000,2.41736e-05,40545.22000,0.385169
40545.23000,0.0173054,40545.23000,2.51294e-05,40545.23000,0,40545.23000,5.58307e-07,40545.23000,0,40545.23000,0,40545.23000,2.40263e-05,40545.23000,0.385167
40545.24000,0.0173063,40545.24000,2.50212e-05,40545.24000,0,40545.24000,5.57089e-07,40545.24000,0,40545.24000,0,40545.24000,2.3879e-05,40545.24000,0.385165
40545.25000,0.0173073,40545.25000,2.49131e-05,40545.25000,0,40545.25000,5.55871e-07,40545.25000,0,40545.25000,0,40545.25000,2.37317e-05,40545.25000,0.385163
40545.26000,0.0173082,40545.26000,2.4805e-05,40545.26000,0,40545.26000,5.54653e-07,40545.26000,0,40545.26000,0,40545.26000,2.35845e-05,40545.26000,0.385161
40545.27000,0.0173092,40545.27000,2.46883e-05,40545.27000,0,40545.27000,5.53328e-07,40545.27000,0,40545.27000,0,40545.27000,2.34424e-05,40545.27000,0.385159
40545.28000,0.0173103,40545.28000,2.45716e-05,40545.28000,0,40545.28000,5.52004e-07,40545.28000,0,40545.28000,0,40545.28000,2.33004e-05,40545.28000,0.385156
40545.29000,0.0173113,40545.29000,2.4455e-05,40545.29000,0,40545.29000,5.50679e-07,40545.29000,0,40545.29000,0,40545.29000,2.31583e-05,40545.29000,0.385154
40545.30000,0.0173123,40545.30000,2.43383e-05,40545.30000,0,40545.30000,5.49354e-07,40545.30000,0,40545.30000,0,40545.30000,2.30162e-05,40545.30000,0.385152
40545.31000,0.0173134,40545.31000,2.4218e-05,40545.31000,0,40545.31000,5.47977e-07,40545.31000,0,40545.31000,0,40545.31000,2.28781e-05,40545.31000,0.38515
40545.32000,0.0173144,40545.32000,2.40966e-05,40545.32000,0,40545.32000,5.46585e-07,40545.32000,0,40545.32000,0,40545.32000,2.2741e-05,40545.32000,0.385148
40545.33000,0.0173155,40545.33000,2.39753e-05,40545.33000,0,40545.33000,5.45194e-07,40545.33000,0,40545.33000,0,40545.33000,2.26039e-05,40545.33000,0.385146
40545.34000,0.0173166,40545.34000,2.3854e-05,40545.34000,0,40545.34000,5.43803e-07,40545.34000,0,40545.34000,0,40545.34000,2.24669e-05,40545.34000,0.385144
40545.35000,0.0173177,40545.35000,2.37315e-05,40545.35000,0,40545.35000,5.4239e-07,40545.35000,0,40545.35000,0,40545.35000,2.23325e-05,40545.35000,0.385142
40545.36000,0.0173189,40545.36000,2.36081e-05,40545.36000,0,40545.36000,5.40961e-07,40545.36000,0,40545.36000,0,40545.36000,2.22002e-05,40545.36000,0.38514
40545.37000,0.01732,40545.37000,2.34848e-05,40545.37000,0,40545.37000,5.39532e-07,40545.37000,0,40545.37000,0,40545.37000,2.20679e-05,40545.37000,0.385138
40545.38000,0.0173212,40545.38000,2.33614e-05,40545.38000,0,40545.38000,5.38103e-07,40545.38000,0,40545.38000,0,40545.38000,2.19356e-05,40545.38000,0.385136
40545.39000,0.0173224,40545.39000,2.3238e-05,40545.39000,0,40545.39000,5.36667e-07,40545.39000,0,40545.39000,0,40545.39000,2.18049e-05,40545.39000,0.385134
40545.40000,0.0173236,40545.40000,2.31145e-05,40545.40000,0,40545.40000,5.3522e-07,40545.40000,0,40545.40000,0,40545.40000,2.16771e-05,40545.40000,0.385132
40545.41000,0.0173248,40545.41000,2.29909e-05,40545.41000,0,40545.41000,5.33773e-07,40545.41000,0,40545.41000,0,40545.41000,2.15493e-05,40545.41000,0.38513
40545.42000,0.017326,40545.42000,2.28674e-05,40545.42000,0,40545.42000,5.32327e-07,40545.42000,0,40545.42000,0,40545.42000,2.14216e-05,40545.42000,0.385128
40545.43000,0.0173273,40545.43000,2.2744e-05,40545.43000,0,40545.43000,5.30879e-07,40545.43000,0,40545.43000,0,40545.43000,2.12944e-05,40545.43000,0.385126
40545.44000,0.0173286,40545.44000,2.26215e-05,40545.44000,0,40545.44000,5.29428e-07,40545.44000,0,40545.44000,0,40545.44000,2.1171e-05,40545.44000,0.385124
40545.45000,0.0173299,40545.45000,2.24989e-05,40545.45000,0,40545.45000,5.27977e-07,40545.45000,0,40545.45000,0,40545.45000,2.10476e-05,40545.45000,0.385122
40545.46000,0.0173312,40545.46000,2.23764e-05,40545.46000,0,40545.46000,5.26527e-07,40545.46000,0,40545.46000,0,40545.46000,2.09242e-05,40545.46000,0.38512
40545.47000,0.0173325,40545.47000,2.22539e-05,40545.47000,0,40545.47000,5.25076e-07,40545.47000,0,40545.47000,0,40545.47000,2.08007e-05,40545.47000,0.385118
40545.48000,0.0173338,40545.48000,2.21332e-05,40545.48000,0,40545.48000,5.2363e-07,40545.48000,0,40545.48000,0,40545.48000,2.06812e-05,40545.48000,0.385116
40545.49000,0.0173352,40545.49000,2.20125e-05,40545.49000,0,40545.49000,5.22185e-07,40545.49000,0,40545.49000,0,40545.49000,2.05619e-05,40545.49000,0.385114
40545.50000,0.0173365,40545.50000,2.18919e-05,40545.50000,0,40545.50000,5.2074e-07,40545.50000,0,40545.50000,0,40545.50000,2.04427e-05,40545.50000,0.385112
40545.51000,0.0173379,40545.51000,2.17712e-05,40545.51000,0,40545.51000,5.19295e-07,40545.51000,0,40545.51000,0,40545.51000,2.03234e-05,40545.51000,0.38511
40545.52000,0.0173393,40545.52000,2.16523e-05,40545.52000,0,40545.52000,5.17859e-07,40545.52000,0,40545.52000,0,40545.52000,2.0207e-05,40545.52000,0.385108
40545.53000,0.0173407,40545.53000,2.15341e-05,40545.53000,0,40545.53000,5.16427e-07,40545.53000,0,40545.53000,0,40545.53000,2.00917e-05,40545.53000,0.385106
40545.54000,0.0173422,40545.54000,2.14158e-05,40545.54000,0,40545.54000,5.14994e-07,40545.54000,0,40545.54000,0,40545.54000,1.99765e-05,40545.54000,0.385105
40545.55000,0.0173436,40545.55000,2.12976e-05,40545.55000,0,40545.55000,5.13562e-07,40545.55000,0,40545.55000,0,40545.55000,1.98612e-05,40545.55000,0.385103
40545.56000,0.0173451,40545.56000,2.11807e-05,40545.56000,0,40545.56000,5.12138e-07,40545.56000,0,40545.56000,0,40545.56000,1.97478e-05,40545.56000,0.385101
40545.57000,0.0173466,40545.57000,2.10652e-05,40545.57000,0,40545.57000,5.10722e-07,40545.57000,0,40545.57000,0,40545.57000,1.96364e-05,40545.57000,0.385099
40545.58000,0.0173481,40545.58000,2.09497e-05,40545.58000,0,40545.58000,5.09306e-07,40545.58000,0,40545.58000,0,40545.58000,1.95249e-05,40545.58000,0.385097
40545.59000,0.0173496,40545.59000,2.08342e-05,40545.59000,0,40545.59000,5.07891e-07,40545.59000,0,40545.59000,0,40545.59000,1.94135e-05,40545.59000,0.385095
40545.60000,0.0173511,40545.60000,2.07195e-05,40545.60000,0,40545.60000,5.06481e-07,40545.60000,0,40545.60000,0,40545.60000,1.93031e-05,40545.60000,0.385094
40545.61000,0.0173527,40545.61000,2.06069e-05,40545.61000,0,40545.61000,5.05086e-07,40545.61000,0,40545.61000,0,40545.61000,1.91952e-05,40545.61000,0.385092
40545.62000,0.0173542,40545.62000,2.04944e-05,40545.62000,0,40545.62000,5.0369e-07,40545.62000,0,40545.62000,0,40545.62000,1.90874e-05,40545.62000,0.38509
40545.63000,0.0173558,40545.63000,2.03818e-05,40545.63000,0,40545.63000,5.02295e-07,40545.63000,0,40545.63000,0,40545.63000,1.89796e-05,40545.63000,0.385088
40545.64000,0.0173574,40545.64000,2.02694e-05,40545.64000,0,40545.64000,5.00901e-07,40545.64000,0,40545.64000,0,40545.64000,1.88721e-05,40545.64000,0.385086
40545.65000,0.017359,40545.65000,2.01599e-05,40545.65000,0,40545.65000,4.99527e-07,40545.65000,0,40545.65000,0,40545.65000,1.87678e-05,40545.65000,0.385085
40545.66000,0.0173606,40545.66000,2.00504e-05,40545.66000,0,40545.66000,4.98154e-07,40545.66000,0,40545.66000,0,40545.66000,1.86635e-05,40545.66000,0.385083
40545.67000,0.0173623,40545.67000,1.99408e-05,40545.67000,0,40545.67000,4.9678e-07,40545.67000,0,40545.67000,0,40545.67000,1.85592e-05,40545.67000,0.385081
40545.68000,0.0173639,40545.68000,1.98313e-05,40545.68000,0,40545.68000,4.95407e-07,40545.68000,0,40545.68000,0,40545.68000,1.84549e-05,40545.68000,0.385079
40545.69000,0.0173656,40545.69000,1.97244e-05,40545.69000,0,40545.69000,4.94053e-07,40545.69000,0,40545.69000,0,40545.69000,1.83535e-05,40545.69000,0.385078
40545.70000,0.0173673,40545.70000,1.96179e-05,40545.70000,0,40545.70000,4.92703e-07,40545.70000,0,40545.70000,0,40545.70000,1.82525e-05,40545.70000,0.385076
40545.71000,0.017369,40545.71000,1.95115e-05,40545.71000,0,40545.71000,4.91353e-07,40545.71000,0,40545.71000,0,40545.71000,1.81516e-05,40545.71000,0.385074
40545.72000,0.0173707,40545.72000,1.9405e-05,40545.72000,0,40545.72000,4.90003e-07,40545.72000,0,40545.72000,0,40545.72000,1.80506e-05,40545.72000,0.385073
40545.73000,0.0173724,40545.73000,1.93005e-05,40545.73000,0,40545.73000,4.88668e-07,40545.73000,0,40545.73000,0,40545.73000,1.79518e-05,40545.73000,0.385071
40545.74000,0.0173742,40545.74000,1.91971e-05,40545.74000,0,40545.74000,4.87341e-07,40545.74000,0,40545.74000,0,40545.74000,1.7854e-05,40545.74000,0.385069
40545.75000,0.017376,40545.75000,1.90937e-05,40545.75000,0,40545.75000,4.86015e-07,40545.75000,0,40545.75000,0,40545.75000,1.77563e-05,40545.75000,0.385068
40545.76000,0.0173777,40545.76000,1.89903e-05,40545.76000,0,40545.76000,4.84689e-07,40545.76000,0,40545.76000,0,40545.76000,1.76586e-05,40545.76000,0.385066
40545.77000,0.0173795,40545.77000,1.88882e-05,40545.77000,0,40545.77000,4.83373e-07,40545.77000,0,40545.77000,0,40545.77000,1.75622e-05,40545.77000,0.385064
40545.78000,0.0173814,40545.78000,1.87879e-05,40545.78000,0,40545.78000,4.8207e-07,40545.78000,0,40545.78000,0,40545.78000,1.74676e-05,40545.78000,0.385063
40545.79000,0.0173832,40545.79000,1.86875e-05,40545.79000,0,40545.79000,4.80768e-07,40545.79000,0,40545.79000,0,40545.79000,1.73729e-05,40545.79000,0.385061
40545.80000,0.017385,40545.80000,1.85871e-05,40545.80000,0,40545.80000,4.79466e-07,40545.80000,0,40545.80000,0,40545.80000,1.72783e-05,40545.80000,0.385059
